+-----+---------------+----------------+-----------------+
|   k |   10_inst_I2O |   100_inst_I2O |   1000_inst_I2O |
|-----+---------------+----------------+-----------------|
|   1 |       0.17905 |        0.18725 |         0.18353 |
|   2 |       0.17777 |        0.17981 |         0.17761 |
|   3 |       0.18398 |        0.18835 |         0.18330 |
|   4 |       0.18077 |        0.18853 |         0.18355 |
|   5 |       0.17996 |        0.18882 |         0.18245 |
|   6 |       0.18110 |        0.18613 |         0.18284 |
|   7 |       0.18009 |        0.18320 |         0.18094 |
|   8 |       0.17981 |        0.18486 |         0.18174 |
|   9 |       0.18382 |        0.18454 |         0.18189 |
|  10 |       0.18115 |        0.18322 |         0.18031 |
+-----+---------------+----------------+-----------------+